{
 "cells": [
  {
   "cell_type": "code",
   "execution_count": 1,
   "metadata": {},
   "outputs": [],
   "source": [
    "#numpy处理线性代数的问题\n",
    "#矩阵乘法，矩阵分解，行列式以及其他方阵函数等"
   ]
  },
  {
   "cell_type": "code",
   "execution_count": 4,
   "metadata": {},
   "outputs": [],
   "source": [
    "import numpy as np"
   ]
  },
  {
   "cell_type": "code",
   "execution_count": 6,
   "metadata": {},
   "outputs": [],
   "source": [
    "x=np.array([[1.,2.,3.],[4.,5.,6.]])"
   ]
  },
  {
   "cell_type": "code",
   "execution_count": 8,
   "metadata": {},
   "outputs": [
    {
     "data": {
      "text/plain": [
       "array([[ 1.,  2.,  3.],\n",
       "       [ 4.,  5.,  6.]])"
      ]
     },
     "execution_count": 8,
     "metadata": {},
     "output_type": "execute_result"
    }
   ],
   "source": [
    "x"
   ]
  },
  {
   "cell_type": "code",
   "execution_count": 9,
   "metadata": {},
   "outputs": [],
   "source": [
    "y=np.array([[6,23.],[-1,7],[8,9]])"
   ]
  },
  {
   "cell_type": "code",
   "execution_count": 10,
   "metadata": {},
   "outputs": [
    {
     "data": {
      "text/plain": [
       "array([[  6.,  23.],\n",
       "       [ -1.,   7.],\n",
       "       [  8.,   9.]])"
      ]
     },
     "execution_count": 10,
     "metadata": {},
     "output_type": "execute_result"
    }
   ],
   "source": [
    "y"
   ]
  },
  {
   "cell_type": "code",
   "execution_count": 11,
   "metadata": {},
   "outputs": [],
   "source": [
    "#矩阵乘法"
   ]
  },
  {
   "cell_type": "code",
   "execution_count": 13,
   "metadata": {},
   "outputs": [
    {
     "data": {
      "text/plain": [
       "array([[  28.,   64.],\n",
       "       [  67.,  181.]])"
      ]
     },
     "execution_count": 13,
     "metadata": {},
     "output_type": "execute_result"
    }
   ],
   "source": [
    "x.dot(y)"
   ]
  },
  {
   "cell_type": "code",
   "execution_count": 14,
   "metadata": {},
   "outputs": [
    {
     "data": {
      "text/plain": [
       "array([[  28.,   64.],\n",
       "       [  67.,  181.]])"
      ]
     },
     "execution_count": 14,
     "metadata": {},
     "output_type": "execute_result"
    }
   ],
   "source": [
    "np.dot(x,y)"
   ]
  },
  {
   "cell_type": "code",
   "execution_count": 15,
   "metadata": {},
   "outputs": [],
   "source": [
    "#从numpy的linalg中import inv和 qr"
   ]
  },
  {
   "cell_type": "code",
   "execution_count": 18,
   "metadata": {},
   "outputs": [],
   "source": [
    "from numpy.linalg import inv,qr"
   ]
  },
  {
   "cell_type": "code",
   "execution_count": 21,
   "metadata": {},
   "outputs": [],
   "source": [
    "from numpy import random"
   ]
  },
  {
   "cell_type": "code",
   "execution_count": 23,
   "metadata": {},
   "outputs": [],
   "source": [
    "X=random.randn(5,5)"
   ]
  },
  {
   "cell_type": "code",
   "execution_count": 24,
   "metadata": {},
   "outputs": [
    {
     "data": {
      "text/plain": [
       "array([[ 0.10936098, -0.73264335,  0.43966344,  0.53604633, -0.88463855],\n",
       "       [-0.80253076,  0.52047967, -1.15589182, -0.26475763,  0.07172046],\n",
       "       [ 0.9013848 , -0.70748498, -0.65719009, -0.69353776, -0.36129689],\n",
       "       [-1.58194421, -0.02686774, -0.50751513,  0.73313139, -0.28743285],\n",
       "       [-0.11744793,  0.71083922, -1.75083668,  0.05751775,  0.50598601]])"
      ]
     },
     "execution_count": 24,
     "metadata": {},
     "output_type": "execute_result"
    }
   ],
   "source": [
    "X"
   ]
  },
  {
   "cell_type": "code",
   "execution_count": 26,
   "metadata": {},
   "outputs": [],
   "source": [
    "mat=X.T.dot(X)"
   ]
  },
  {
   "cell_type": "code",
   "execution_count": 27,
   "metadata": {},
   "outputs": [
    {
     "data": {
      "text/plain": [
       "array([[ 3.9848515 , -1.17652307,  1.39183237, -1.520574  , -0.08469461],\n",
       "       [-1.17652307,  1.81421463, -1.68971016, -0.01867591,  1.30846308],\n",
       "       [ 1.39183237, -1.68971016,  5.28428935,  0.52471783, -0.97442594],\n",
       "       [-1.520574  , -0.01867591,  0.52471783,  1.37922681, -0.42424562],\n",
       "       [-0.08469461,  1.30846308, -0.97442594, -0.42424562,  1.25690412]])"
      ]
     },
     "execution_count": 27,
     "metadata": {},
     "output_type": "execute_result"
    }
   ],
   "source": [
    "mat"
   ]
  },
  {
   "cell_type": "code",
   "execution_count": 28,
   "metadata": {},
   "outputs": [
    {
     "data": {
      "text/plain": [
       "array([[ 0.99486784,  1.60866405, -0.0821251 ,  0.70942557, -1.43182896],\n",
       "       [ 1.60866405,  8.01174111,  0.76017002, -0.84587029, -7.92817013],\n",
       "       [-0.0821251 ,  0.76017002,  0.37648304, -0.42270655, -0.64769182],\n",
       "       [ 0.70942557, -0.84587029, -0.42270655,  2.05461625,  1.29416418],\n",
       "       [-1.43182896, -7.92817013, -0.64769182,  1.29416418,  8.88720575]])"
      ]
     },
     "execution_count": 28,
     "metadata": {},
     "output_type": "execute_result"
    }
   ],
   "source": [
    "# 求逆矩阵\n",
    "inv(mat)"
   ]
  },
  {
   "cell_type": "code",
   "execution_count": 30,
   "metadata": {
    "scrolled": true
   },
   "outputs": [
    {
     "data": {
      "text/plain": [
       "array([[  1.00000000e+00,   4.44089210e-16,   1.24900090e-16,\n",
       "         -4.16333634e-16,   0.00000000e+00],\n",
       "       [  4.44089210e-16,   1.00000000e+00,   1.11022302e-16,\n",
       "         -4.44089210e-16,  -1.77635684e-15],\n",
       "       [  0.00000000e+00,   0.00000000e+00,   1.00000000e+00,\n",
       "          0.00000000e+00,   0.00000000e+00],\n",
       "       [  0.00000000e+00,  -4.44089210e-16,  -5.55111512e-17,\n",
       "          1.00000000e+00,   0.00000000e+00],\n",
       "       [ -4.44089210e-16,   1.77635684e-15,   1.11022302e-16,\n",
       "          0.00000000e+00,   1.00000000e+00]])"
      ]
     },
     "execution_count": 30,
     "metadata": {},
     "output_type": "execute_result"
    }
   ],
   "source": [
    "#求逆矩阵的函数\n",
    "mat.dot(inv(mat))"
   ]
  },
  {
   "cell_type": "code",
   "execution_count": 32,
   "metadata": {},
   "outputs": [],
   "source": [
    "#QR分解函数\n",
    "q,r=qr(mat)"
   ]
  },
  {
   "cell_type": "code",
   "execution_count": 35,
   "metadata": {},
   "outputs": [
    {
     "data": {
      "text/plain": [
       "array([[-0.85900045, -0.23438002,  0.10578801, -0.42655534, -0.11850599],\n",
       "       [ 0.25361895, -0.57030537, -0.40786097, -0.1162248 , -0.65617866],\n",
       "       [-0.30003242,  0.47564605, -0.810105  ,  0.15683626, -0.05360651],\n",
       "       [ 0.3277848 ,  0.29330804, -0.12713501, -0.88254813,  0.1071121 ],\n",
       "       [ 0.01825732, -0.55457102, -0.38733048, -0.03245795,  0.73555369]])"
      ]
     },
     "execution_count": 35,
     "metadata": {},
     "output_type": "execute_result"
    }
   ],
   "source": [
    "q"
   ]
  },
  {
   "cell_type": "code",
   "execution_count": 37,
   "metadata": {},
   "outputs": [
    {
     "data": {
      "text/plain": [
       "array([[-4.63893994,  1.99548822, -3.05538113,  1.58834882,  0.58084954],\n",
       "       [ 0.        , -2.29372031,  3.84517678,  1.25643575, -2.0113319 ],\n",
       "       [ 0.        ,  0.        , -3.13370835, -0.58934263, -0.18614418],\n",
       "       [ 0.        ,  0.        ,  0.        , -0.47038956,  0.06484641],\n",
       "       [ 0.        ,  0.        ,  0.        ,  0.        ,  0.08276546]])"
      ]
     },
     "execution_count": 37,
     "metadata": {},
     "output_type": "execute_result"
    }
   ],
   "source": [
    "r"
   ]
  },
  {
   "cell_type": "code",
   "execution_count": 43,
   "metadata": {},
   "outputs": [],
   "source": [
    "#引入diag函数,功能是返回对角线元素，或者将一维数组转换为方阵"
   ]
  },
  {
   "cell_type": "code",
   "execution_count": 44,
   "metadata": {},
   "outputs": [],
   "source": [
    "from numpy import diag"
   ]
  },
  {
   "cell_type": "code",
   "execution_count": 46,
   "metadata": {},
   "outputs": [
    {
     "data": {
      "text/plain": [
       "array([ 3.9848515 ,  1.81421463,  5.28428935,  1.37922681,  1.25690412])"
      ]
     },
     "execution_count": 46,
     "metadata": {},
     "output_type": "execute_result"
    }
   ],
   "source": [
    "diag(mat)"
   ]
  },
  {
   "cell_type": "code",
   "execution_count": 48,
   "metadata": {},
   "outputs": [
    {
     "data": {
      "text/plain": [
       "array([[1, 0, 0, 0],\n",
       "       [0, 2, 0, 0],\n",
       "       [0, 0, 3, 0],\n",
       "       [0, 0, 0, 4]])"
      ]
     },
     "execution_count": 48,
     "metadata": {},
     "output_type": "execute_result"
    }
   ],
   "source": [
    "#将一维数组转换为方阵\n",
    "diag([1,2,3,4])"
   ]
  },
  {
   "cell_type": "code",
   "execution_count": null,
   "metadata": {},
   "outputs": [],
   "source": [
    "从numpy中引入trace函数，功能是，返回对角元素的和"
   ]
  },
  {
   "cell_type": "code",
   "execution_count": 51,
   "metadata": {},
   "outputs": [],
   "source": [
    "from numpy import trace"
   ]
  },
  {
   "cell_type": "code",
   "execution_count": 52,
   "metadata": {},
   "outputs": [],
   "source": [
    "arr=np.array([[1,2,3],[4,5,6],[7,8,9]])"
   ]
  },
  {
   "cell_type": "code",
   "execution_count": 53,
   "metadata": {},
   "outputs": [
    {
     "data": {
      "text/plain": [
       "array([[1, 2, 3],\n",
       "       [4, 5, 6],\n",
       "       [7, 8, 9]])"
      ]
     },
     "execution_count": 53,
     "metadata": {},
     "output_type": "execute_result"
    }
   ],
   "source": [
    "arr"
   ]
  },
  {
   "cell_type": "code",
   "execution_count": 55,
   "metadata": {},
   "outputs": [
    {
     "data": {
      "text/plain": [
       "15"
      ]
     },
     "execution_count": 55,
     "metadata": {},
     "output_type": "execute_result"
    }
   ],
   "source": [
    "trace(arr)"
   ]
  },
  {
   "cell_type": "code",
   "execution_count": null,
   "metadata": {},
   "outputs": [],
   "source": [
    "从numpy的linalg中引入det，作用是计算矩阵行列式的值"
   ]
  },
  {
   "cell_type": "code",
   "execution_count": 58,
   "metadata": {},
   "outputs": [],
   "source": [
    "from numpy.linalg import det"
   ]
  },
  {
   "cell_type": "code",
   "execution_count": 60,
   "metadata": {},
   "outputs": [
    {
     "data": {
      "text/plain": [
       "6.6613381477509402e-16"
      ]
     },
     "execution_count": 60,
     "metadata": {},
     "output_type": "execute_result"
    }
   ],
   "source": [
    "det(arr)"
   ]
  },
  {
   "cell_type": "code",
   "execution_count": null,
   "metadata": {},
   "outputs": [],
   "source": [
    "eig函数：计算方阵的特征值和特征向量"
   ]
  },
  {
   "cell_type": "code",
   "execution_count": 61,
   "metadata": {},
   "outputs": [],
   "source": [
    "from numpy.linalg import eig"
   ]
  },
  {
   "cell_type": "code",
   "execution_count": 67,
   "metadata": {},
   "outputs": [],
   "source": [
    "w,v=eig(arr*arr.T)"
   ]
  },
  {
   "cell_type": "code",
   "execution_count": 69,
   "metadata": {},
   "outputs": [
    {
     "data": {
      "text/plain": [
       "array([ 112.97321585,   -6.46603646,    0.49282061])"
      ]
     },
     "execution_count": 69,
     "metadata": {},
     "output_type": "execute_result"
    }
   ],
   "source": [
    "w"
   ]
  },
  {
   "cell_type": "code",
   "execution_count": 75,
   "metadata": {},
   "outputs": [
    {
     "data": {
      "text/plain": [
       "array([[-0.19460585, -0.73434143,  0.6502855 ],\n",
       "       [-0.48338554, -0.50506892, -0.71501315],\n",
       "       [-0.85350278,  0.45348435,  0.25668066]])"
      ]
     },
     "execution_count": 75,
     "metadata": {},
     "output_type": "execute_result"
    }
   ],
   "source": [
    "v"
   ]
  },
  {
   "cell_type": "code",
   "execution_count": 77,
   "metadata": {},
   "outputs": [],
   "source": [
    "#pinv:计算矩阵的伪逆"
   ]
  },
  {
   "cell_type": "code",
   "execution_count": 78,
   "metadata": {},
   "outputs": [],
   "source": [
    "from numpy.linalg import pinv"
   ]
  },
  {
   "cell_type": "code",
   "execution_count": 79,
   "metadata": {},
   "outputs": [
    {
     "data": {
      "text/plain": [
       "array([[ -6.38888889e-01,  -1.66666667e-01,   3.05555556e-01],\n",
       "       [ -5.55555556e-02,  -2.63677968e-16,   5.55555556e-02],\n",
       "       [  5.27777778e-01,   1.66666667e-01,  -1.94444444e-01]])"
      ]
     },
     "execution_count": 79,
     "metadata": {},
     "output_type": "execute_result"
    }
   ],
   "source": [
    "pinv(arr)"
   ]
  },
  {
   "cell_type": "code",
   "execution_count": 88,
   "metadata": {},
   "outputs": [
    {
     "data": {
      "text/plain": [
       "array([[1, 2, 3],\n",
       "       [4, 5, 6],\n",
       "       [7, 8, 9]])"
      ]
     },
     "execution_count": 88,
     "metadata": {},
     "output_type": "execute_result"
    }
   ],
   "source": [
    "arr"
   ]
  },
  {
   "cell_type": "code",
   "execution_count": 89,
   "metadata": {},
   "outputs": [],
   "source": [
    "#计算奇异值分解"
   ]
  },
  {
   "cell_type": "code",
   "execution_count": 90,
   "metadata": {},
   "outputs": [],
   "source": [
    "from numpy.linalg import svd"
   ]
  },
  {
   "cell_type": "code",
   "execution_count": 92,
   "metadata": {},
   "outputs": [
    {
     "data": {
      "text/plain": [
       "(array([[-0.21483724,  0.88723069,  0.40824829],\n",
       "        [-0.52058739,  0.24964395, -0.81649658],\n",
       "        [-0.82633754, -0.38794278,  0.40824829]]),\n",
       " array([  1.68481034e+01,   1.06836951e+00,   1.47280825e-16]),\n",
       " array([[-0.47967118, -0.57236779, -0.66506441],\n",
       "        [-0.77669099, -0.07568647,  0.62531805],\n",
       "        [ 0.40824829, -0.81649658,  0.40824829]]))"
      ]
     },
     "execution_count": 92,
     "metadata": {},
     "output_type": "execute_result"
    }
   ],
   "source": [
    "svd(arr)"
   ]
  },
  {
   "cell_type": "code",
   "execution_count": 93,
   "metadata": {},
   "outputs": [],
   "source": [
    "#求解Ax=b，其中A是一个方阵"
   ]
  },
  {
   "cell_type": "code",
   "execution_count": 94,
   "metadata": {},
   "outputs": [],
   "source": [
    "from numpy.linalg import solve"
   ]
  },
  {
   "cell_type": "code",
   "execution_count": 96,
   "metadata": {},
   "outputs": [
    {
     "data": {
      "text/plain": [
       "array([-0.33333333,  0.66666667,  0.        ])"
      ]
     },
     "execution_count": 96,
     "metadata": {},
     "output_type": "execute_result"
    }
   ],
   "source": [
    "solve(arr,[1,2,3])"
   ]
  },
  {
   "cell_type": "code",
   "execution_count": 100,
   "metadata": {},
   "outputs": [],
   "source": [
    "#计算Ax=b最小二乘解"
   ]
  },
  {
   "cell_type": "code",
   "execution_count": 101,
   "metadata": {},
   "outputs": [],
   "source": [
    "from numpy.linalg import lstsq"
   ]
  },
  {
   "cell_type": "code",
   "execution_count": null,
   "metadata": {},
   "outputs": [],
   "source": [
    "#用法待考究，学习了最下二乘法回头再看"
   ]
  }
 ],
 "metadata": {
  "kernelspec": {
   "display_name": "Python 3",
   "language": "python",
   "name": "python3"
  },
  "language_info": {
   "codemirror_mode": {
    "name": "ipython",
    "version": 3
   },
   "file_extension": ".py",
   "mimetype": "text/x-python",
   "name": "python",
   "nbconvert_exporter": "python",
   "pygments_lexer": "ipython3",
   "version": "3.5.2"
  }
 },
 "nbformat": 4,
 "nbformat_minor": 2
}
